Drive 1:  1
Drive 2:  2
Drive 3:  3
Drive 4:  4
Drive 5:  4
Drive 6:  3
Drive 7:  2
Drive 8:  1

1 drive failure:
00000001
00000010
00000100
00001000
00010000
00100000
01000000
10000000
0 out of 8

2 drive failure:
00000011
00000101
00000110
00001001
00001010
00001100
00010001
00010010
00010100
00011000
00100001
00100010
00100100
00101000
00110000
01000001
01000010
01000100
01001000
01010000
01100000
10000001
10000010
10000100
10001000
10010000
10100000
11000000
0 out of 28

3 drive failure:
00000111
00001011
00001101
00001110
00010011
00010101
00010110
00011001
00011010
00011100
00100011
00100101
00100110
00101001
00101010
00101100
00110001
00110010
00110100
00111000
01000011
01000101
01000110
01001001
01001010
01001100
01010001
01010010
01010100
01011000
01100001
01100010
01100100
01101000
01110000
10000011
10000101
10000110
10001001
10001010
10001100
10010001
10010010
10010100
10011000
10100001
10100010
10100100
10101000
10110000
11000001
11000010
11000100
11001000
11010000
11100000
0 out of 56

4 drive failure:
00001111
00010111
00011011
00011101
00011110
00100111
00101011
00101101
00101110
00110011
00110101
00110110
00111001
00111010
00111100 BAD
01000111
01001011
01001101
01001110
01010011
01010101
01010110
01011001
01011010 BAD
01011100
01100011
01100101
01100110 BAD
01101001
01101010
01101100
01110001
01110010
01110100
01111000
10000111
10001011
10001101
10001110
10010011
10010101
10010110
10011001 BAD
10011010
10011100
10100011
10100101 BAD
10100110
10101001
10101010
10101100
10110001
10110010
10110100
10111000
11000011 BAD
11000101
11000110
11001001
11001010
11001100
11010001
11010010
11010100
11011000
11100001
11100010
11100100
11101000
11110000
6 out of 70

5 drive failure:
00011111
00101111
00110111
00111011
00111101 BAD
00111110 BAD
01001111
01010111
01011011 BAD
01011101
01011110 BAD
01100111 BAD
01101011
01101101
01101110 BAD
01110011
01110101
01110110 BAD
01111001
01111010 BAD
01111100 BAD
10001111
10010111
10011011 BAD
10011101 BAD
10011110
10100111 BAD
10101011
10101101 BAD
10101110
10110011
10110101 BAD
10110110
10111001 BAD
10111010
10111100 BAD
11000111 BAD
11001011 BAD
11001101
11001110
11010011 BAD
11010101
11010110
11011001 BAD
11011010 BAD
11011100
11100011 BAD
11100101 BAD
11100110 BAD
11101001
11101010
11101100
11110001
11110010
11110100
11111000
24 out of 56

6 drive failure:
00111111 BAD
01011111 BAD
01101111 BAD
01110111 BAD
01111011 BAD
01111101 BAD
01111110 BAD
10011111 BAD
10101111 BAD
10110111 BAD
10111011 BAD
10111101 BAD
10111110 BAD
11001111 BAD
11010111 BAD
11011011 BAD
11011101 BAD
11011110 BAD
11100111 BAD
11101011 BAD
11101101 BAD
11101110 BAD
11110011 BAD
11110101 BAD
11110110 BAD
11111001 BAD
11111010 BAD
11111100 BAD
28 out of 28
